x		Analiticno	Forward		Central		CD4		Err_FD		Err_CD		Err_CD4
0.000000	1.00000000	0.99998333	0.99998333	1.00000000	1.666658e-005	1.666658e-005	3.333295e-010
0.062832	0.99802673	0.99769614	0.99801009	0.99802673	3.305837e-004	1.663370e-005	3.326722e-010
0.125664	0.99211470	0.99147151	0.99209817	0.99211470	6.431961e-004	1.653516e-005	3.307006e-010
0.188496	0.98228725	0.98133398	0.98227088	0.98228725	9.532701e-004	1.637137e-005	3.274244e-010
0.251327	0.96858316	0.96732358	0.96856702	0.96858316	1.259582e-003	1.614297e-005	3.228569e-010
0.314159	0.95105652	0.94949559	0.95104067	0.95105652	1.560923e-003	1.585086e-005	3.170159e-010
0.376991	0.92977649	0.92792038	0.92976099	0.92977649	1.856104e-003	1.549620e-005	3.099181e-010
0.439823	0.90482705	0.90268309	0.90481197	0.90482705	2.143959e-003	1.508038e-005	3.016053e-010
0.502655	0.87630668	0.87388333	0.87629208	0.87630668	2.423353e-003	1.460504e-005	2.920978e-010
0.565487	0.84432793	0.84163474	0.84431385	0.84432793	2.693184e-003	1.407206e-005	2.814369e-010
0.628319	0.80901699	0.80606461	0.80900351	0.80901699	2.952385e-003	1.348355e-005	2.696656e-010
0.691150	0.77051324	0.76731331	0.77050040	0.77051324	3.199935e-003	1.284182e-005	2.568366e-010
0.753982	0.72896863	0.72553377	0.72895648	0.72896863	3.434856e-003	1.214942e-005	2.429911e-010
0.816814	0.68454711	0.68089088	0.68453570	0.68454711	3.656222e-003	1.140906e-005	2.281818e-010
0.879646	0.63742399	0.63356083	0.63741337	0.63742399	3.863158e-003	1.062368e-005	2.124700e-010
0.942478	0.58778525	0.58373040	0.58777546	0.58778525	4.054848e-003	9.796372e-006	1.959229e-010
1.005310	0.53582679	0.53159626	0.53581786	0.53582679	4.230535e-003	8.930402e-006	1.786087e-010
1.068142	0.48175367	0.47736415	0.48174564	0.48175367	4.389526e-003	8.029188e-006	1.605803e-010
1.130973	0.42577929	0.42124810	0.42577220	0.42577929	4.531194e-003	7.096286e-006	1.419266e-010
1.193805	0.36812455	0.36346957	0.36811842	0.36812455	4.654979e-003	6.135379e-006	1.227037e-010
1.256637	0.30901699	0.30425660	0.30901184	0.30901699	4.760393e-003	5.150257e-006	1.030022e-010
1.319469	0.24868989	0.24384287	0.24868574	0.24868989	4.847020e-003	4.144811e-006	8.289491e-011
1.382301	0.18738131	0.18246680	0.18737819	0.18738131	4.914518e-003	3.123006e-006	6.245007e-011
1.445133	0.12533323	0.12037061	0.12533114	0.12533323	4.962621e-003	2.088877e-006	4.178380e-011
1.507964	0.06279052	0.05779938	0.06278947	0.06279052	4.991139e-003	1.046503e-006	2.092738e-011
1.570796	-0.00000000	-0.00499996	0.00000000	-0.00000000	4.999958e-003	1.608143e-016	1.689557e-015
1.633628	-0.06279052	-0.06777957	-0.06278947	-0.06279052	4.989046e-003	1.046503e-006	2.092934e-011
1.696460	-0.12533323	-0.13029168	-0.12533114	-0.12533323	4.958443e-003	2.088877e-006	4.177467e-011
1.759292	-0.18738131	-0.19228959	-0.18737819	-0.18738131	4.908272e-003	3.123006e-006	6.246334e-011
1.822124	-0.24868989	-0.25352862	-0.24868574	-0.24868989	4.838731e-003	4.144811e-006	8.289319e-011
1.884956	-0.30901699	-0.31376709	-0.30901184	-0.30901699	4.750093e-003	5.150257e-006	1.030032e-010
1.947787	-0.36812455	-0.37276726	-0.36811842	-0.36812455	4.642708e-003	6.135379e-006	1.227047e-010
2.010619	-0.42577929	-0.43029629	-0.42577220	-0.42577929	4.517001e-003	7.096286e-006	1.419360e-010
2.073451	-0.48175367	-0.48612714	-0.48174564	-0.48175367	4.373468e-003	8.029188e-006	1.605935e-010
2.136283	-0.53582679	-0.54003947	-0.53581786	-0.53582679	4.212674e-003	8.930402e-006	1.786257e-010
2.199115	-0.58778525	-0.59182051	-0.58777546	-0.58778525	4.035255e-003	9.796372e-006	1.959443e-010
2.261947	-0.63742399	-0.64126590	-0.63741337	-0.63742399	3.841910e-003	1.062368e-005	2.124868e-010
2.324779	-0.68454711	-0.68818051	-0.68453570	-0.68454711	3.633404e-003	1.140906e-005	2.281939e-010
2.387610	-0.72896863	-0.73237919	-0.72895648	-0.72896863	3.410558e-003	1.214942e-005	2.430152e-010
2.450442	-0.77051324	-0.77368749	-0.77050040	-0.77051324	3.174252e-003	1.284182e-005	2.568618e-010
2.513274	-0.80901699	-0.81194241	-0.80900351	-0.80901699	2.925418e-003	1.348355e-005	2.696915e-010
2.576106	-0.84432793	-0.84699297	-0.84431385	-0.84432793	2.665040e-003	1.407206e-005	2.814646e-010
2.638938	-0.87630668	-0.87870082	-0.87629208	-0.87630668	2.394143e-003	1.460504e-005	2.921228e-010
2.701770	-0.90482705	-0.90694085	-0.90481197	-0.90482705	2.113798e-003	1.508038e-005	3.016342e-010
2.764602	-0.92977649	-0.93160160	-0.92976099	-0.92977649	1.825111e-003	1.549620e-005	3.099501e-010
2.827433	-0.95105652	-0.95258574	-0.95104067	-0.95105652	1.529221e-003	1.585086e-005	3.170392e-010
2.890265	-0.96858316	-0.96981046	-0.96856702	-0.96858316	1.227296e-003	1.614297e-005	3.228849e-010
2.953097	-0.98228725	-0.98320778	-0.98227088	-0.98228725	9.205274e-004	1.637137e-005	3.274534e-010
3.015929	-0.99211470	-0.99272483	-0.99209817	-0.99211470	6.101258e-004	1.653516e-005	3.307300e-010
3.078761	-0.99802673	-0.99832404	-0.99801009	-0.99802673	2.973163e-004	1.663370e-005	3.327002e-010
3.141593	-1.00000000	-0.99998333	-0.99998333	-1.00000000	1.666658e-005	1.666658e-005	3.333579e-010
3.204425	-0.99802673	-0.99769614	-0.99801009	-0.99802673	3.305837e-004	1.663370e-005	3.327010e-010
3.267256	-0.99211470	-0.99147151	-0.99209817	-0.99211470	6.431961e-004	1.653516e-005	3.307299e-010
3.330088	-0.98228725	-0.98133398	-0.98227088	-0.98228725	9.532701e-004	1.637137e-005	3.274533e-010
3.392920	-0.96858316	-0.96732358	-0.96856702	-0.96858316	1.259582e-003	1.614297e-005	3.228869e-010
3.455752	-0.95105652	-0.94949559	-0.95104067	-0.95105652	1.560923e-003	1.585086e-005	3.170395e-010
3.518584	-0.92977649	-0.92792038	-0.92976099	-0.92977649	1.856104e-003	1.549620e-005	3.099447e-010
3.581416	-0.90482705	-0.90268309	-0.90481197	-0.90482705	2.143959e-003	1.508038e-005	3.016275e-010
3.644247	-0.87630668	-0.87388333	-0.87629208	-0.87630668	2.423353e-003	1.460504e-005	2.921231e-010
3.707079	-0.84432793	-0.84163474	-0.84431385	-0.84432793	2.693184e-003	1.407206e-005	2.814645e-010
3.769911	-0.80901699	-0.80606461	-0.80900351	-0.80901699	2.952385e-003	1.348355e-005	2.696923e-010
3.832743	-0.77051324	-0.76731331	-0.77050040	-0.77051324	3.199935e-003	1.284182e-005	2.568494e-010
3.895575	-0.72896863	-0.72553377	-0.72895648	-0.72896863	3.434856e-003	1.214942e-005	2.430058e-010
3.958407	-0.68454711	-0.68089088	-0.68453570	-0.68454711	3.656222e-003	1.140906e-005	2.281957e-010
4.021239	-0.63742399	-0.63356083	-0.63741337	-0.63742399	3.863158e-003	1.062368e-005	2.124820e-010
4.084070	-0.58778525	-0.58373040	-0.58777546	-0.58778525	4.054848e-003	9.796372e-006	1.959370e-010
4.146902	-0.53582679	-0.53159626	-0.53581786	-0.53582679	4.230535e-003	8.930402e-006	1.786205e-010
4.209734	-0.48175367	-0.47736415	-0.48174564	-0.48175367	4.389526e-003	8.029188e-006	1.606008e-010
4.272566	-0.42577929	-0.42124810	-0.42577220	-0.42577929	4.531194e-003	7.096286e-006	1.419372e-010
4.335398	-0.36812455	-0.36346957	-0.36811842	-0.36812455	4.654979e-003	6.135379e-006	1.227092e-010
4.398230	-0.30901699	-0.30425660	-0.30901184	-0.30901699	4.760393e-003	5.150257e-006	1.030088e-010
4.461062	-0.24868989	-0.24384287	-0.24868574	-0.24868989	4.847020e-003	4.144811e-006	8.290016e-011
4.523893	-0.18738131	-0.18246680	-0.18737819	-0.18738131	4.914518e-003	3.123006e-006	6.246406e-011
4.586725	-0.12533323	-0.12037061	-0.12533114	-0.12533323	4.962621e-003	2.088877e-006	4.178141e-011
4.649557	-0.06279052	-0.05779938	-0.06278947	-0.06279052	4.991139e-003	1.046503e-006	2.093470e-011
4.712389	-0.00000000	0.00499996	0.00000000	0.00000000	4.999958e-003	1.836910e-016	2.034063e-015
4.775221	0.06279052	0.06777957	0.06278947	0.06279052	4.989046e-003	1.046503e-006	2.092966e-011
4.838053	0.12533323	0.13029168	0.12533114	0.12533323	4.958443e-003	2.088877e-006	4.178191e-011
4.900885	0.18738131	0.19228959	0.18737819	0.18738131	4.908272e-003	3.123006e-006	6.247011e-011
4.963716	0.24868989	0.25352862	0.24868574	0.24868989	4.838731e-003	4.144811e-006	8.289974e-011
5.026548	0.30901699	0.31376709	0.30901184	0.30901699	4.750093e-003	5.150257e-006	1.030103e-010
5.089380	0.36812455	0.37276726	0.36811842	0.36812455	4.642708e-003	6.135379e-006	1.227170e-010
5.152212	0.42577929	0.43029629	0.42577220	0.42577929	4.517001e-003	7.096286e-006	1.419349e-010
5.215044	0.48175367	0.48612714	0.48174564	0.48175367	4.373468e-003	8.029188e-006	1.605910e-010
5.277876	0.53582679	0.54003947	0.53581786	0.53582679	4.212674e-003	8.930402e-006	1.786172e-010
5.340708	0.58778525	0.59182051	0.58777546	0.58778525	4.035255e-003	9.796372e-006	1.959394e-010
5.403539	0.63742399	0.64126590	0.63741337	0.63742399	3.841910e-003	1.062368e-005	2.124834e-010
5.466371	0.68454711	0.68818051	0.68453570	0.68454711	3.633404e-003	1.140906e-005	2.281993e-010
5.529203	0.72896863	0.73237919	0.72895648	0.72896863	3.410558e-003	1.214942e-005	2.430034e-010
5.592035	0.77051324	0.77368749	0.77050040	0.77051324	3.174252e-003	1.284182e-005	2.568525e-010
5.654867	0.80901699	0.81194241	0.80900351	0.80901699	2.925418e-003	1.348355e-005	2.696909e-010
5.717699	0.84432793	0.84699297	0.84431385	0.84432793	2.665040e-003	1.407206e-005	2.814602e-010
5.780530	0.87630668	0.87870082	0.87629208	0.87630668	2.394143e-003	1.460504e-005	2.921168e-010
5.843362	0.90482705	0.90694085	0.90481197	0.90482705	2.113798e-003	1.508038e-005	3.016249e-010
5.906194	0.92977649	0.93160160	0.92976099	0.92977649	1.825111e-003	1.549620e-005	3.099404e-010
5.969026	0.95105652	0.95258574	0.95104067	0.95105652	1.529221e-003	1.585086e-005	3.170370e-010
6.031858	0.96858316	0.96981046	0.96856702	0.96858316	1.227296e-003	1.614297e-005	3.228789e-010
6.094690	0.98228725	0.98320778	0.98227088	0.98228725	9.205274e-004	1.637137e-005	3.274472e-010
6.157522	0.99211470	0.99272483	0.99209817	0.99211470	6.101258e-004	1.653516e-005	3.307217e-010
6.220353	0.99802673	0.99832404	0.99801009	0.99802673	2.973163e-004	1.663370e-005	3.326930e-010
6.283185	1.00000000	0.99998333	0.99998333	1.00000000	1.666658e-005	1.666658e-005	3.333506e-010
